  0.100000000000E+02  0.745103324761E+01  0.250611539441E+02  0.123562445764E-01
  0.200000000000E+02  0.145868940786E+02  0.252372099163E+02  0.483731494355E-01
  0.300000000000E+02  0.215170113612E+02  0.255156330492E+02  0.106882961217E+00
  0.400000000000E+02  0.282697473208E+02  0.258847888886E+02  0.187002982530E+00
  0.500000000000E+02  0.348382109558E+02  0.263327202401E+02  0.287744332008E+00
  0.600000000000E+02  0.412007546575E+02  0.268471819519E+02  0.407909960079E+00
  0.700000000000E+02  0.473306118114E+02  0.274159503511E+02  0.546088687011E+00
  0.800000000000E+02  0.532007343897E+02  0.280271735695E+02  0.700683261629E+00
  0.900000000000E+02  0.587863056334E+02  0.286696730410E+02  0.869950684486E+00
  0.100000000000E+03  0.640659975995E+02  0.293331630209E+02  0.105204541963E+01
  0.110000000000E+03  0.690225040471E+02  0.300083845600E+02  0.124506083841E+01
  0.120000000000E+03  0.736426552867E+02  0.306871653880E+02  0.144706676100E+01
  0.130000000000E+03  0.779173074053E+02  0.313624228035E+02  0.165614250699E+01
  0.140000000000E+03  0.818411250322E+02  0.320281266813E+02  0.187040570340E+01
  0.150000000000E+03  0.854123246448E+02  0.326792369911E+02  0.208803739027E+01
  0.160000000000E+03  0.886324091321E+02  0.333116266941E+02  0.230730390305E+01
  0.170000000000E+03  0.915059016541E+02  0.339219976095E+02  0.252657578523E+01
  0.180000000000E+03  0.940400752780E+02  0.345077942525E+02  0.274434374247E+01
  0.190000000000E+03  0.962446714422E+02  0.350671188120E+02  0.295923147899E+01
  0.200000000000E+03  0.981316019483E+02  0.355986492256E+02  0.317000519783E+01
  0.210000000000E+03  0.997146332796E+02  0.361015615675E+02  0.337557959215E+01
  0.220000000000E+03  0.101009056583E+03  0.365754575123E+02  0.357502027899E+01
  0.230000000000E+03  0.102031350363E+03  0.370202973596E+02  0.376754279061E+01
  0.240000000000E+03  0.102798845198E+03  0.374363389153E+02  0.395250840510E+01
  0.250000000000E+03  0.103329400466E+03  0.378240823697E+02  0.412941723922E+01
  0.260000000000E+03  0.103641102390E+03  0.381842211829E+02  0.429789912482E+01
  0.270000000000E+03  0.103751991034E+03  0.385175988632E+02  0.445770283898E+01
  0.280000000000E+03  0.103679821669E+03  0.388251714153E+02  0.460868425971E+01
  0.290000000000E+03  0.103441863563E+03  0.391079751407E+02  0.475079398167E+01
  0.300000000000E+03  0.103054737017E+03  0.393670994030E+02  0.488406486040E+01
  0.310000000000E+03  0.102534287615E+03  0.396036639197E+02  0.500859987162E+01
  0.320000000000E+03  0.101895495195E+03  0.398188001151E+02  0.512456058404E+01
  0.330000000000E+03  0.101152414122E+03  0.400136360617E+02  0.523215645819E+01
  0.340000000000E+03  0.100318140812E+03  0.401892845476E+02  0.533163510699E+01
  0.350000000000E+03  0.994048042758E+02  0.403468338287E+02  0.542327358754E+01
  0.360000000000E+03  0.984235754478E+02  0.404873406566E+02  0.550737074091E+01
  0.370000000000E+03  0.973846913072E+02  0.406118252086E+02  0.558424055607E+01
  0.380000000000E+03  0.962974901457E+02  0.407212675890E+02  0.565420650499E+01
  0.390000000000E+03  0.951704547747E+02  0.408166056067E+02  0.571759677624E+01
  0.400000000000E+03  0.940112609451E+02  0.408987335782E+02  0.577474032302E+01
  0.410000000000E+03  0.928268287367E+02  0.409685019393E+02  0.582596363623E+01
  0.420000000000E+03  0.916233751318E+02  0.410267174863E+02  0.587158815324E+01
  0.430000000000E+03  0.904064664114E+02  0.410741440943E+02  0.591192821584E+01
  0.440000000000E+03  0.891810693699E+02  0.411115037943E+02  0.594728949716E+01
  0.450000000000E+03  0.879516006464E+02  0.411394781069E+02  0.597796782434E+01
  0.460000000000E+03  0.867219737102E+02  0.411587095570E+02  0.600424833195E+01
  0.470000000000E+03  0.854956432234E+02  0.411698033067E+02  0.602640488899E+01
  0.480000000000E+03  0.842756466352E+02  0.411733288570E+02  0.604469975067E+01
  0.490000000000E+03  0.830646429645E+02  0.411698217827E+02  0.605938339268E+01
  0.500000000000E+03  0.818649487910E+02  0.411597854692E+02  0.607069449285E+01
  0.510000000000E+03  0.806785715204E+02  0.411436928300E+02  0.607886003030E+01
  0.520000000000E+03  0.795072400190E+02  0.411219879885E+02  0.608409547714E+01
  0.530000000000E+03  0.783524327311E+02  0.410950879092E+02  0.608660506222E+01
  0.540000000000E+03  0.772154034057E+02  0.410633839717E+02  0.608658208947E+01
  0.550000000000E+03  0.760972045650E+02  0.410272434785E+02  0.608420929664E+01
  0.560000000000E+03  0.749987088547E+02  0.409870110945E+02  0.607965924270E+01
  0.570000000000E+03  0.739206284176E+02  0.409430102143E+02  0.607309471395E+01
  0.580000000000E+03  0.728635324343E+02  0.408955442574E+02  0.606466914113E+01
  0.590000000000E+03  0.718278629731E+02  0.408448978920E+02  0.605452702080E+01
  0.600000000000E+03  0.708139492896E+02  0.407913381879E+02  0.604280433591E+01
  0.610000000000E+03  0.698220207126E+02  0.407351157013E+02  0.602962897151E+01
  0.620000000000E+03  0.688522182440E+02  0.406764654947E+02  0.601512112221E+01
  0.630000000000E+03  0.679046049955E+02  0.406156080937E+02  0.599939368920E+01
  0.640000000000E+03  0.669791755735E+02  0.405527503851E+02  0.598255266492E+01
  0.650000000000E+03  0.660758645161E+02  0.404880864586E+02  0.596469750430E+01
  0.660000000000E+03  0.651945538732E+02  0.404217983960E+02  0.594592148153E+01
  0.670000000000E+03  0.643350800145E+02  0.403540570105E+02  0.592631203222E+01
  0.680000000000E+03  0.634972397398E+02  0.402850225396E+02  0.590595108048E+01
  0.690000000000E+03  0.626807957567E+02  0.402148452933E+02  0.588491535102E+01
  0.700000000000E+03  0.618854815871E+02  0.401436662619E+02  0.586327666649E+01
  0.710000000000E+03  0.611110059533E+02  0.400716176844E+02  0.584110223017E+01
  0.720000000000E+03  0.603570566953E+02  0.399988235801E+02  0.581845489439E+01
  0.730000000000E+03  0.596233042593E+02  0.399254002468E+02  0.579539341511E+01
  0.740000000000E+03  0.589094048009E+02  0.398514567256E+02  0.577197269304E+01
  0.750000000000E+03  0.582150029379E+02  0.397770952363E+02  0.574824400174E+01
  0.760000000000E+03  0.575397341872E+02  0.397024115842E+02  0.572425520326E+01
  0.770000000000E+03  0.568832271185E+02  0.396274955406E+02  0.570005095162E+01
  0.780000000000E+03  0.562451052514E+02  0.395524311977E+02  0.567567288494E+01
  0.790000000000E+03  0.556249887249E+02  0.394772973020E+02  0.565115980642E+01
  0.800000000000E+03  0.550224957626E+02  0.394021675646E+02  0.562654785492E+01
  0.810000000000E+03  0.544372439552E+02  0.393271109524E+02  0.560187066552E+01
  0.820000000000E+03  0.538688513821E+02  0.392521919606E+02  0.557715952064E+01
  0.830000000000E+03  0.533169375879E+02  0.391774708680E+02  0.555244349222E+01
  0.840000000000E+03  0.527811244321E+02  0.391030039757E+02  0.552774957544E+01
  0.850000000000E+03  0.522610368246E+02  0.390288438317E+02  0.550310281440E+01
  0.860000000000E+03  0.517563033609E+02  0.389550394416E+02  0.547852642043E+01
  0.870000000000E+03  0.512665568674E+02  0.388816364656E+02  0.545404188316E+01
  0.880000000000E+03  0.507914348672E+02  0.388086774047E+02  0.542966907506E+01
  0.890000000000E+03  0.503305799749E+02  0.387362017749E+02  0.540542634969E+01
  0.900000000000E+03  0.498836402278E+02  0.386642462716E+02  0.538133063406E+01
  0.910000000000E+03  0.494502693614E+02  0.385928449239E+02  0.535739751548E+01
  0.920000000000E+03  0.490301270333E+02  0.385220292399E+02  0.533364132328E+01
  0.930000000000E+03  0.486228790034E+02  0.384518283442E+02  0.531007520553E+01
  0.940000000000E+03  0.482281972732E+02  0.383822691060E+02  0.528671120136E+01
  0.950000000000E+03  0.478457601891E+02  0.383133762615E+02  0.526356030880E+01
  0.960000000000E+03  0.474752525146E+02  0.382451725280E+02  0.524063254869E+01
  0.970000000000E+03  0.471163654741E+02  0.381776787123E+02  0.521793702474E+01
  0.980000000000E+03  0.467687967716E+02  0.381109138124E+02  0.519548198002E+01
  0.990000000000E+03  0.464322505879E+02  0.380448951139E+02  0.517327485007E+01
  0.100000000000E+04  0.461064375585E+02  0.379796382810E+02  0.515132231288E+01
  0.101000000000E+04  0.457910747355E+02  0.379151574419E+02  0.512963033586E+01
  0.102000000000E+04  0.454858855345E+02  0.378514652705E+02  0.510820422003E+01
  0.103000000000E+04  0.451905996701E+02  0.377885730627E+02  0.508704864159E+01
  0.104000000000E+04  0.449049530807E+02  0.377264908092E+02  0.506616769099E+01
  0.105000000000E+04  0.446286878448E+02  0.376652272642E+02  0.504556490971E+01
  0.106000000000E+04  0.443615520905E+02  0.376047900106E+02  0.502524332483E+01
  0.107000000000E+04  0.441032998993E+02  0.375451855218E+02  0.500520548165E+01
  0.108000000000E+04  0.438536912045E+02  0.374864192200E+02  0.498545347422E+01
  0.109000000000E+04  0.436124916874E+02  0.374284955324E+02  0.496598897426E+01
  0.110000000000E+04  0.433794726699E+02  0.373714179435E+02  0.494681325824E+01
  0.111000000000E+04  0.431544110054E+02  0.373151890460E+02  0.492792723298E+01
  0.112000000000E+04  0.429370889687E+02  0.372598105880E+02  0.490933145970E+01
  0.113000000000E+04  0.427272941450E+02  0.372052835191E+02  0.489102617673E+01
  0.114000000000E+04  0.425248193185E+02  0.371516080336E+02  0.487301132085E+01
  0.115000000000E+04  0.423294623617E+02  0.370987836117E+02  0.485528654747E+01
  0.116000000000E+04  0.421410261248E+02  0.370468090593E+02  0.483785124960E+01
  0.117000000000E+04  0.419593183255E+02  0.369956825457E+02  0.482070457579E+01
  0.118000000000E+04  0.417841514407E+02  0.369454016391E+02  0.480384544700E+01
  0.119000000000E+04  0.416153425985E+02  0.368959633414E+02  0.478727257256E+01
  0.120000000000E+04  0.414527134719E+02  0.368473641208E+02  0.477098446524E+01
  0.121000000000E+04  0.412960901738E+02  0.367995999435E+02  0.475497945538E+01
  0.122000000000E+04  0.411453031539E+02  0.367526663031E+02  0.473925570438E+01
  0.123000000000E+04  0.410001870964E+02  0.367065582498E+02  0.472381121727E+01
  0.124000000000E+04  0.408605808207E+02  0.366612704176E+02  0.470864385474E+01
  0.125000000000E+04  0.407263271823E+02  0.366167970505E+02  0.469375134434E+01
  0.126000000000E+04  0.405972729772E+02  0.365731320279E+02  0.467913129119E+01
  0.127000000000E+04  0.404732688468E+02  0.365302688884E+02  0.466478118802E+01
  0.128000000000E+04  0.403541691855E+02  0.364882008525E+02  0.465069842467E+01
  0.129000000000E+04  0.402398320498E+02  0.364469208454E+02  0.463688029705E+01
  0.130000000000E+04  0.401301190700E+02  0.364064215172E+02  0.462332401562E+01
  0.131000000000E+04  0.400248953632E+02  0.363666952638E+02  0.461002671339E+01
  0.132000000000E+04  0.399240294486E+02  0.363277342457E+02  0.459698545346E+01
  0.133000000000E+04  0.398273931647E+02  0.362895304068E+02  0.458419723616E+01
  0.134000000000E+04  0.397348615889E+02  0.362520754919E+02  0.457165900576E+01
  0.135000000000E+04  0.396463129585E+02  0.362153610636E+02  0.455936765683E+01
  0.136000000000E+04  0.395616285941E+02  0.361793785189E+02  0.454732004026E+01
  0.137000000000E+04  0.394806928245E+02  0.361441191043E+02  0.453551296887E+01
  0.138000000000E+04  0.394033929143E+02  0.361095739308E+02  0.452394322274E+01
  0.139000000000E+04  0.393296189927E+02  0.360757339882E+02  0.451260755428E+01
  0.140000000000E+04  0.392592639842E+02  0.360425901585E+02  0.450150269297E+01
  0.141000000000E+04  0.391922235416E+02  0.360101332293E+02  0.449062534977E+01
  0.142000000000E+04  0.391283959803E+02  0.359783539056E+02  0.447997222139E+01
  0.143000000000E+04  0.390676822146E+02  0.359472428224E+02  0.446953999424E+01
  0.144000000000E+04  0.390099856955E+02  0.359167905554E+02  0.445932534815E+01
  0.145000000000E+04  0.389552123503E+02  0.358869876323E+02  0.444932495987E+01
  0.146000000000E+04  0.389032705237E+02  0.358578245431E+02  0.443953550641E+01
  0.147000000000E+04  0.388540709205E+02  0.358292917497E+02  0.442995366812E+01
  0.148000000000E+04  0.388075265495E+02  0.358013796956E+02  0.442057613161E+01
  0.149000000000E+04  0.387635526693E+02  0.357740788146E+02  0.441139959245E+01
  0.150000000000E+04  0.387220667350E+02  0.357473795396E+02  0.440242075779E+01
  0.151000000000E+04  0.386829883468E+02  0.357212723105E+02  0.439363634872E+01
  0.152000000000E+04  0.386462391989E+02  0.356957475821E+02  0.438504310252E+01
  0.153000000000E+04  0.386117430312E+02  0.356707958312E+02  0.437663777476E+01
  0.154000000000E+04  0.385794255802E+02  0.356464075638E+02  0.436841714126E+01
  0.155000000000E+04  0.385492145333E+02  0.356225733214E+02  0.436037799991E+01
  0.156000000000E+04  0.385210394818E+02  0.355992836873E+02  0.435251717235E+01
  0.157000000000E+04  0.384948318773E+02  0.355765292926E+02  0.434483150556E+01
  0.158000000000E+04  0.384705249874E+02  0.355543008214E+02  0.433731787330E+01
  0.159000000000E+04  0.384480538532E+02  0.355325890165E+02  0.432997317747E+01
  0.160000000000E+04  0.384273552480E+02  0.355113846839E+02  0.432279434935E+01
  0.161000000000E+04  0.384083676359E+02  0.354906786974E+02  0.431577835070E+01
  0.162000000000E+04  0.383910311327E+02  0.354704620030E+02  0.430892217485E+01
  0.163000000000E+04  0.383752874665E+02  0.354507256231E+02  0.430222284764E+01
  0.164000000000E+04  0.383610799402E+02  0.354314606596E+02  0.429567742826E+01
  0.165000000000E+04  0.383483533938E+02  0.354126582982E+02  0.428928301003E+01
  0.166000000000E+04  0.383370541684E+02  0.353943098111E+02  0.428303672113E+01
  0.167000000000E+04  0.383271300704E+02  0.353764065598E+02  0.427693572520E+01
  0.168000000000E+04  0.383185303372E+02  0.353589399983E+02  0.427097722189E+01
  0.169000000000E+04  0.383112056027E+02  0.353419016753E+02  0.426515844736E+01
  0.170000000000E+04  0.383051078644E+02  0.353252832366E+02  0.425947667467E+01
  0.171000000000E+04  0.383001904511E+02  0.353090764271E+02  0.425392921418E+01
  0.172000000000E+04  0.382964079906E+02  0.352932730926E+02  0.424851341380E+01
  0.173000000000E+04  0.382937163791E+02  0.352778651815E+02  0.424322665927E+01
  0.174000000000E+04  0.382920727505E+02  0.352628447463E+02  0.423806637432E+01
  0.175000000000E+04  0.382914354473E+02  0.352482039451E+02  0.423303002083E+01
  0.176000000000E+04  0.382917639909E+02  0.352339350422E+02  0.422811509890E+01
  0.177000000000E+04  0.382930190535E+02  0.352200304095E+02  0.422331914693E+01
  0.178000000000E+04  0.382951624305E+02  0.352064825274E+02  0.421863974161E+01
  0.179000000000E+04  0.382981570132E+02  0.351932839849E+02  0.421407449785E+01
  0.180000000000E+04  0.383019667623E+02  0.351804274806E+02  0.420962106877E+01
  0.181000000000E+04  0.383065566822E+02  0.351679058231E+02  0.420527714556E+01
  0.182000000000E+04  0.383118927953E+02  0.351557119307E+02  0.420104045733E+01
  0.183000000000E+04  0.383179421175E+02  0.351438388322E+02  0.419690877098E+01
  0.184000000000E+04  0.383246726337E+02  0.351322796665E+02  0.419287989093E+01
  0.185000000000E+04  0.383320532746E+02  0.351210276828E+02  0.418895165899E+01
  0.186000000000E+04  0.383400538931E+02  0.351100762400E+02  0.418512195401E+01
  0.187000000000E+04  0.383486452418E+02  0.350994188066E+02  0.418138869170E+01
  0.188000000000E+04  0.383577989511E+02  0.350890489607E+02  0.417774982426E+01
  0.189000000000E+04  0.383674875071E+02  0.350789603887E+02  0.417420334009E+01
  0.190000000000E+04  0.383776842308E+02  0.350691468856E+02  0.417074726348E+01
  0.191000000000E+04  0.383883632577E+02  0.350596023538E+02  0.416737965421E+01
  0.192000000000E+04  0.383994995167E+02  0.350503208025E+02  0.416409860724E+01
  0.193000000000E+04  0.384110687112E+02  0.350412963472E+02  0.416090225228E+01
  0.194000000000E+04  0.384230472993E+02  0.350325232086E+02  0.415778875345E+01
  0.195000000000E+04  0.384354124752E+02  0.350239957119E+02  0.415475630882E+01
  0.196000000000E+04  0.384481421505E+02  0.350157082854E+02  0.415180315003E+01
  0.197000000000E+04  0.384612149360E+02  0.350076554604E+02  0.414892754186E+01
  0.198000000000E+04  0.384746101246E+02  0.349998318694E+02  0.414612778180E+01
  0.199000000000E+04  0.384883076735E+02  0.349922322450E+02  0.414340219961E+01
  0.200000000000E+04  0.385022881873E+02  0.349848514196E+02  0.414074915687E+01
  0.201000000000E+04  0.385165329019E+02  0.349776843234E+02  0.413816704653E+01
  0.202000000000E+04  0.385310236682E+02  0.349707259835E+02  0.413565429249E+01
  0.203000000000E+04  0.385457429361E+02  0.349639715228E+02  0.413320934908E+01
  0.204000000000E+04  0.385606737392E+02  0.349574161590E+02  0.413083070065E+01
  0.205000000000E+04  0.385757996798E+02  0.349510552027E+02  0.412851686110E+01
  0.206000000000E+04  0.385911049143E+02  0.349448840567E+02  0.412626637339E+01
  0.207000000000E+04  0.386065741382E+02  0.349388982145E+02  0.412407780911E+01
  0.208000000000E+04  0.386221925728E+02  0.349330932591E+02  0.412194976802E+01
  0.209000000000E+04  0.386379459508E+02  0.349274648614E+02  0.411988087752E+01
  0.210000000000E+04  0.386538205031E+02  0.349220087795E+02  0.411786979229E+01
  0.211000000000E+04  0.386698029459E+02  0.349167208568E+02  0.411591519375E+01
  0.212000000000E+04  0.386858804672E+02  0.349115970208E+02  0.411401578964E+01
  0.213000000000E+04  0.387020407150E+02  0.349066332820E+02  0.411217031355E+01
  0.214000000000E+04  0.387182717844E+02  0.349018257325E+02  0.411037752448E+01
  0.215000000000E+04  0.387345622062E+02  0.348971705443E+02  0.410863620636E+01
  0.216000000000E+04  0.387509009347E+02  0.348926639686E+02  0.410694516767E+01
  0.217000000000E+04  0.387672773364E+02  0.348883023339E+02  0.410530324092E+01
  0.218000000000E+04  0.387836811791E+02  0.348840820453E+02  0.410370928228E+01
  0.219000000000E+04  0.388001026207E+02  0.348799995825E+02  0.410216217109E+01
  0.220000000000E+04  0.388165321985E+02  0.348760514990E+02  0.410066080949E+01
  0.221000000000E+04  0.388329608192E+02  0.348722344206E+02  0.409920412195E+01
  0.222000000000E+04  0.388493797484E+02  0.348685450442E+02  0.409779105489E+01
  0.223000000000E+04  0.388657806007E+02  0.348649801365E+02  0.409642057624E+01
  0.224000000000E+04  0.388821553302E+02  0.348615365327E+02  0.409509167505E+01
  0.225000000000E+04  0.388984962210E+02  0.348582111354E+02  0.409380336109E+01
  0.226000000000E+04  0.389147958777E+02  0.348550009133E+02  0.409255466445E+01
  0.227000000000E+04  0.389310472168E+02  0.348519028997E+02  0.409134463516E+01
  0.228000000000E+04  0.389472434579E+02  0.348489141918E+02  0.409017234281E+01
  0.229000000000E+04  0.389633781147E+02  0.348460319492E+02  0.408903687615E+01
  0.230000000000E+04  0.389794449869E+02  0.348432533928E+02  0.408793734276E+01
  0.231000000000E+04  0.389954381524E+02  0.348405758035E+02  0.408687286865E+01
  0.232000000000E+04  0.390113519586E+02  0.348379965214E+02  0.408584259794E+01
  0.233000000000E+04  0.390271810150E+02  0.348355129443E+02  0.408484569247E+01
  0.234000000000E+04  0.390429201859E+02  0.348331225269E+02  0.408388133150E+01
  0.235000000000E+04  0.390585645825E+02  0.348308227795E+02  0.408294871131E+01
  0.236000000000E+04  0.390741095558E+02  0.348286112670E+02  0.408204704496E+01
  0.237000000000E+04  0.390895506898E+02  0.348264856078E+02  0.408117556186E+01
  0.238000000000E+04  0.391048837944E+02  0.348244434730E+02  0.408033350754E+01
  0.239000000000E+04  0.391201048986E+02  0.348224825850E+02  0.407952014328E+01
  0.240000000000E+04  0.391352102444E+02  0.348206007168E+02  0.407873474584E+01
  0.241000000000E+04  0.391501962798E+02  0.348187956907E+02  0.407797660714E+01
  0.242000000000E+04  0.391650596531E+02  0.348170653779E+02  0.407724503395E+01
  0.243000000000E+04  0.391797972064E+02  0.348154076968E+02  0.407653934765E+01
  0.244000000000E+04  0.391944059701E+02  0.348138206127E+02  0.407585888390E+01
  0.245000000000E+04  0.392088831568E+02  0.348123021365E+02  0.407520299238E+01
  0.246000000000E+04  0.392232261556E+02  0.348108503239E+02  0.407457103653E+01
  0.247000000000E+04  0.392374325269E+02  0.348094632748E+02  0.407396239327E+01
  0.248000000000E+04  0.392514999968E+02  0.348081391318E+02  0.407337645273E+01
  0.249000000000E+04  0.392654264520E+02  0.348068760800E+02  0.407281261803E+01
  0.250000000000E+04  0.392792099346E+02  0.348056723459E+02  0.407227030500E+01
  0.251000000000E+04  0.392928486369E+02  0.348045261963E+02  0.407174894193E+01
  0.252000000000E+04  0.393063408972E+02  0.348034359381E+02  0.407124796936E+01
  0.253000000000E+04  0.393196851943E+02  0.348023999169E+02  0.407076683984E+01
  0.254000000000E+04  0.393328801432E+02  0.348014165167E+02  0.407030501766E+01
  0.255000000000E+04  0.393459244908E+02  0.348004841588E+02  0.406986197869E+01
  0.256000000000E+04  0.393588171111E+02  0.347996013014E+02  0.406943721010E+01
  0.257000000000E+04  0.393715570011E+02  0.347987664385E+02  0.406903021017E+01
  0.258000000000E+04  0.393841432766E+02  0.347979780995E+02  0.406864048811E+01
  0.259000000000E+04  0.393965751683E+02  0.347972348481E+02  0.406826756377E+01
  0.260000000000E+04  0.394088520174E+02  0.347965352821E+02  0.406791096753E+01
  0.261000000000E+04  0.394209732720E+02  0.347958780326E+02  0.406757024004E+01
  0.262000000000E+04  0.394329384834E+02  0.347952617628E+02  0.406724493206E+01
  0.263000000000E+04  0.394447473021E+02  0.347946851682E+02  0.406693460424E+01
  0.264000000000E+04  0.394563994745E+02  0.347941469754E+02  0.406663882696E+01
  0.265000000000E+04  0.394678948391E+02  0.347936459416E+02  0.406635718011E+01
  0.266000000000E+04  0.394792333235E+02  0.347931808540E+02  0.406608925296E+01
  0.267000000000E+04  0.394904149406E+02  0.347927505292E+02  0.406583464396E+01
  0.268000000000E+04  0.395014397855E+02  0.347923538127E+02  0.406559296054E+01
  0.269000000000E+04  0.395123080327E+02  0.347919895782E+02  0.406536381899E+01
  0.270000000000E+04  0.395230199324E+02  0.347916567271E+02  0.406514684427E+01
  0.271000000000E+04  0.395335758079E+02  0.347913541878E+02  0.406494166983E+01
  0.272000000000E+04  0.395439760525E+02  0.347910809154E+02  0.406474793749E+01
  0.273000000000E+04  0.395542211269E+02  0.347908358910E+02  0.406456529724E+01
  0.274000000000E+04  0.395643115560E+02  0.347906181211E+02  0.406439340712E+01
  0.275000000000E+04  0.395742479266E+02  0.347904266375E+02  0.406423193306E+01
  0.276000000000E+04  0.395840308844E+02  0.347902604961E+02  0.406408054872E+01
  0.277000000000E+04  0.395936611317E+02  0.347901187771E+02  0.406393893535E+01
  0.278000000000E+04  0.396031394249E+02  0.347900005839E+02  0.406380678165E+01
  0.279000000000E+04  0.396124665719E+02  0.347899050433E+02  0.406368378365E+01
  0.280000000000E+04  0.396216434297E+02  0.347898313044E+02  0.406356964453E+01
  0.281000000000E+04  0.396306709025E+02  0.347897785384E+02  0.406346407451E+01
  0.282000000000E+04  0.396395499389E+02  0.347897459383E+02  0.406336679072E+01
  0.283000000000E+04  0.396482815301E+02  0.347897327180E+02  0.406327751705E+01
  0.284000000000E+04  0.396568667076E+02  0.347897381124E+02  0.406319598405E+01
  0.285000000000E+04  0.396653065412E+02  0.347897613768E+02  0.406312192878E+01
  0.286000000000E+04  0.396736021372E+02  0.347898017862E+02  0.406305509470E+01
  0.287000000000E+04  0.396817546360E+02  0.347898586352E+02  0.406299523153E+01
  0.288000000000E+04  0.396897652105E+02  0.347899312374E+02  0.406294209515E+01
  0.289000000000E+04  0.396976350643E+02  0.347900189252E+02  0.406289544748E+01
  0.290000000000E+04  0.397053654298E+02  0.347901210492E+02  0.406285505635E+01
  0.291000000000E+04  0.397129575665E+02  0.347902369780E+02  0.406282069539E+01
  0.292000000000E+04  0.397204127593E+02  0.347903660977E+02  0.406279214395E+01
  0.293000000000E+04  0.397277323168E+02  0.347905078116E+02  0.406276918692E+01
  0.294000000000E+04  0.397349175699E+02  0.347906615396E+02  0.406275161469E+01
  0.295000000000E+04  0.397419698700E+02  0.347908267184E+02  0.406273922302E+01
  0.296000000000E+04  0.397488905879E+02  0.347910028004E+02  0.406273181292E+01
  0.297000000000E+04  0.397556811119E+02  0.347911892541E+02  0.406272919057E+01
  0.298000000000E+04  0.397623428466E+02  0.347913855630E+02  0.406273116719E+01
  0.299000000000E+04  0.397688772117E+02  0.347915912260E+02  0.406273755897E+01
  0.300000000000E+04  0.397752856404E+02  0.347918057566E+02  0.406274818695E+01
  0.301000000000E+04  0.397815695783E+02  0.347920286827E+02  0.406276287695E+01
  0.302000000000E+04  0.397877304821E+02  0.347922595464E+02  0.406278145942E+01
  0.303000000000E+04  0.397937698184E+02  0.347924979034E+02  0.406280376943E+01
  0.304000000000E+04  0.397996890628E+02  0.347927433231E+02  0.406282964648E+01
  0.305000000000E+04  0.398054896981E+02  0.347929953879E+02  0.406285893450E+01
  0.306000000000E+04  0.398111732142E+02  0.347932536932E+02  0.406289148169E+01
  0.307000000000E+04  0.398167411061E+02  0.347935178468E+02  0.406292714047E+01
  0.308000000000E+04  0.398221948736E+02  0.347937874691E+02  0.406296576740E+01
  0.309000000000E+04  0.398275360199E+02  0.347940621924E+02  0.406300722306E+01
  0.310000000000E+04  0.398327660509E+02  0.347943416606E+02  0.406305137199E+01
  0.311000000000E+04  0.398378864743E+02  0.347946255292E+02  0.406309808261E+01
  0.312000000000E+04  0.398428987984E+02  0.347949134650E+02  0.406314722710E+01
  0.313000000000E+04  0.398478045316E+02  0.347952051457E+02  0.406319868140E+01
  0.314000000000E+04  0.398526051818E+02  0.347955002595E+02  0.406325232504E+01
  0.315000000000E+04  0.398573022548E+02  0.347957985053E+02  0.406330804113E+01
  0.316000000000E+04  0.398618972545E+02  0.347960995922E+02  0.406336571623E+01
  0.317000000000E+04  0.398663916814E+02  0.347964032390E+02  0.406342524034E+01
  0.318000000000E+04  0.398707870327E+02  0.347967091744E+02  0.406348650676E+01
  0.319000000000E+04  0.398750848007E+02  0.347970171366E+02  0.406354941204E+01
  0.320000000000E+04  0.398792864730E+02  0.347973268730E+02  0.406361385594E+01
  0.321000000000E+04  0.398833935315E+02  0.347976381401E+02  0.406367974131E+01
  0.322000000000E+04  0.398874074518E+02  0.347979507029E+02  0.406374697407E+01
  0.323000000000E+04  0.398913297027E+02  0.347982643354E+02  0.406381546308E+01
  0.324000000000E+04  0.398951617459E+02  0.347985788198E+02  0.406388512014E+01
  0.325000000000E+04  0.398989050348E+02  0.347988939463E+02  0.406395585987E+01
  0.326000000000E+04  0.399025610151E+02  0.347992095132E+02  0.406402759969E+01
  0.327000000000E+04  0.399061311232E+02  0.347995253267E+02  0.406410025971E+01
  0.328000000000E+04  0.399096167866E+02  0.347998412002E+02  0.406417376270E+01
  0.329000000000E+04  0.399130194230E+02  0.348001569547E+02  0.406424803403E+01
  0.330000000000E+04  0.399163404401E+02  0.348004724184E+02  0.406432300158E+01
  0.331000000000E+04  0.399195812352E+02  0.348007874263E+02  0.406439859570E+01
  0.332000000000E+04  0.399227431949E+02  0.348011018204E+02  0.406447474917E+01
  0.333000000000E+04  0.399258276944E+02  0.348014154491E+02  0.406455139711E+01
  0.334000000000E+04  0.399288360979E+02  0.348017281673E+02  0.406462847691E+01
  0.335000000000E+04  0.399317697574E+02  0.348020398364E+02  0.406470592824E+01
  0.336000000000E+04  0.399346300133E+02  0.348023503235E+02  0.406478369293E+01
  0.337000000000E+04  0.399374181934E+02  0.348026595019E+02  0.406486171496E+01
  0.338000000000E+04  0.399401356132E+02  0.348029672505E+02  0.406493994035E+01
  0.339000000000E+04  0.399427835752E+02  0.348032734540E+02  0.406501831720E+01
  0.340000000000E+04  0.399453633691E+02  0.348035780025E+02  0.406509679553E+01
  0.341000000000E+04  0.399478762713E+02  0.348038807911E+02  0.406517532733E+01
  0.342000000000E+04  0.399503235448E+02  0.348041817204E+02  0.406525386643E+01
  0.343000000000E+04  0.399527064393E+02  0.348044806959E+02  0.406533236852E+01
  0.344000000000E+04  0.399550261904E+02  0.348047776278E+02  0.406541079104E+01
  0.345000000000E+04  0.399572840201E+02  0.348050724312E+02  0.406548909318E+01
  0.346000000000E+04  0.399594811364E+02  0.348053650257E+02  0.406556723582E+01
  0.347000000000E+04  0.399616187331E+02  0.348056553352E+02  0.406564518148E+01
  0.348000000000E+04  0.399636979899E+02  0.348059432882E+02  0.406572289426E+01
  0.349000000000E+04  0.399657200720E+02  0.348062288170E+02  0.406580033985E+01
  0.350000000000E+04  0.399676861304E+02  0.348065118582E+02  0.406587748543E+01
  0.351000000000E+04  0.399695973015E+02  0.348067923523E+02  0.406595429966E+01
  0.352000000000E+04  0.399714547074E+02  0.348070702435E+02  0.406603075262E+01
  0.353000000000E+04  0.399732594553E+02  0.348073454798E+02  0.406610681580E+01
  0.354000000000E+04  0.399750126380E+02  0.348076180125E+02  0.406618246203E+01
  0.355000000000E+04  0.399767153336E+02  0.348078877968E+02  0.406625766546E+01
  0.356000000000E+04  0.399783686055E+02  0.348081547907E+02  0.406633240151E+01
  0.357000000000E+04  0.399799735024E+02  0.348084189559E+02  0.406640664686E+01
  0.358000000000E+04  0.399815310584E+02  0.348086802568E+02  0.406648037936E+01
  0.359000000000E+04  0.399830422928E+02  0.348089386613E+02  0.406655357806E+01
  0.360000000000E+04  0.399845082104E+02  0.348091941397E+02  0.406662622312E+01
  0.361000000000E+04  0.399859298010E+02  0.348094466655E+02  0.406669829583E+01
  0.362000000000E+04  0.399873080402E+02  0.348096962148E+02  0.406676977851E+01
  0.363000000000E+04  0.399886438888E+02  0.348099427662E+02  0.406684065455E+01
  0.364000000000E+04  0.399899382929E+02  0.348101863011E+02  0.406691090832E+01
  0.365000000000E+04  0.399911921843E+02  0.348104268030E+02  0.406698052517E+01
  0.366000000000E+04  0.399924064804E+02  0.348106642581E+02  0.406704949139E+01
  0.367000000000E+04  0.399935820840E+02  0.348108986546E+02  0.406711779419E+01
  0.368000000000E+04  0.399947198836E+02  0.348111299830E+02  0.406718542165E+01
  0.369000000000E+04  0.399958207537E+02  0.348113582359E+02  0.406725236272E+01
  0.370000000000E+04  0.399968855543E+02  0.348115834080E+02  0.406731860717E+01
  0.371000000000E+04  0.399979151315E+02  0.348118054958E+02  0.406738414556E+01
  0.372000000000E+04  0.399989103173E+02  0.348120244978E+02  0.406744896925E+01
  0.373000000000E+04  0.399998719298E+02  0.348122404142E+02  0.406751307031E+01
  0.374000000000E+04  0.400008007732E+02  0.348124532469E+02  0.406757644157E+01
  0.375000000000E+04  0.400016976382E+02  0.348126629996E+02  0.406763907653E+01
  0.376000000000E+04  0.400025633016E+02  0.348128696775E+02  0.406770096938E+01
  0.377000000000E+04  0.400033985269E+02  0.348130732873E+02  0.406776211496E+01
  0.378000000000E+04  0.400042040639E+02  0.348132738373E+02  0.406782250873E+01
  0.379000000000E+04  0.400049806494E+02  0.348134713369E+02  0.406788214675E+01
  0.380000000000E+04  0.400057290069E+02  0.348136657972E+02  0.406794102567E+01
  0.381000000000E+04  0.400064498469E+02  0.348138572303E+02  0.406799914271E+01
  0.382000000000E+04  0.400071438667E+02  0.348140456496E+02  0.406805649561E+01
  0.383000000000E+04  0.400078117510E+02  0.348142310698E+02  0.406811308266E+01
  0.384000000000E+04  0.400084541719E+02  0.348144135064E+02  0.406816890263E+01
  0.385000000000E+04  0.400090717887E+02  0.348145929763E+02  0.406822395476E+01
  0.386000000000E+04  0.400096652485E+02  0.348147694971E+02  0.406827823879E+01
  0.387000000000E+04  0.400102351858E+02  0.348149430875E+02  0.406833175486E+01
  0.388000000000E+04  0.400107822231E+02  0.348151137672E+02  0.406838450358E+01
  0.389000000000E+04  0.400113069710E+02  0.348152815566E+02  0.406843648593E+01
  0.390000000000E+04  0.400118100280E+02  0.348154464769E+02  0.406848770332E+01
  0.391000000000E+04  0.400122919808E+02  0.348156085502E+02  0.406853815750E+01
  0.392000000000E+04  0.400127534047E+02  0.348157677993E+02  0.406858785060E+01
  0.393000000000E+04  0.400131948634E+02  0.348159242474E+02  0.406863678510E+01
  0.394000000000E+04  0.400136169092E+02  0.348160779188E+02  0.406868496379E+01
  0.395000000000E+04  0.400140200832E+02  0.348162288381E+02  0.406873238980E+01
  0.396000000000E+04  0.400144049157E+02  0.348163770306E+02  0.406877906652E+01
  0.397000000000E+04  0.400147719257E+02  0.348165225219E+02  0.406882499767E+01
  0.398000000000E+04  0.400151216218E+02  0.348166653384E+02  0.406887018722E+01
  0.399000000000E+04  0.400154545016E+02  0.348168055068E+02  0.406891463940E+01
  0.400000000000E+04  0.400157710526E+02  0.348169430542E+02  0.406895835870E+01
  0.401000000000E+04  0.400160717517E+02  0.348170780081E+02  0.406900134982E+01
  0.402000000000E+04  0.400163570657E+02  0.348172103964E+02  0.406904361770E+01
  0.403000000000E+04  0.400166274514E+02  0.348173402474E+02  0.406908516749E+01
  0.404000000000E+04  0.400168833556E+02  0.348174675895E+02  0.406912600455E+01
  0.405000000000E+04  0.400171252155E+02  0.348175924516E+02  0.406916613439E+01
  0.406000000000E+04  0.400173534584E+02  0.348177148627E+02  0.406920556274E+01
  0.407000000000E+04  0.400175685024E+02  0.348178348521E+02  0.406924429547E+01
  0.408000000000E+04  0.400177707562E+02  0.348179524491E+02  0.406928233862E+01
  0.409000000000E+04  0.400179606192E+02  0.348180676835E+02  0.406931969838E+01
  0.410000000000E+04  0.400181384820E+02  0.348181805850E+02  0.406935638107E+01
  0.411000000000E+04  0.400183047261E+02  0.348182911834E+02  0.406939239315E+01
  0.412000000000E+04  0.400184597243E+02  0.348183995088E+02  0.406942774117E+01
  0.413000000000E+04  0.400186038408E+02  0.348185055913E+02  0.406946243183E+01
  0.414000000000E+04  0.400187374313E+02  0.348186094609E+02  0.406949647192E+01
  0.415000000000E+04  0.400188608432E+02  0.348187111479E+02  0.406952986831E+01
  0.416000000000E+04  0.400189744156E+02  0.348188106824E+02  0.406956262797E+01
  0.417000000000E+04  0.400190784796E+02  0.348189080946E+02  0.406959475797E+01
  0.418000000000E+04  0.400191733584E+02  0.348190034148E+02  0.406962626542E+01
  0.419000000000E+04  0.400192593675E+02  0.348190966731E+02  0.406965715750E+01
  0.420000000000E+04  0.400193368145E+02  0.348191878995E+02  0.406968744148E+01
  0.421000000000E+04  0.400194059997E+02  0.348192771242E+02  0.406971712464E+01
  0.422000000000E+04  0.400194672159E+02  0.348193643772E+02  0.406974621435E+01
  0.423000000000E+04  0.400195207486E+02  0.348194496882E+02  0.406977471798E+01
  0.424000000000E+04  0.400195668762E+02  0.348195330871E+02  0.406980264297E+01
  0.425000000000E+04  0.400196058703E+02  0.348196146036E+02  0.406982999676E+01
  0.426000000000E+04  0.400196379952E+02  0.348196942671E+02  0.406985678683E+01
  0.427000000000E+04  0.400196635090E+02  0.348197721072E+02  0.406988302068E+01
  0.428000000000E+04  0.400196826627E+02  0.348198481530E+02  0.406990870581E+01
  0.429000000000E+04  0.400196957010E+02  0.348199224336E+02  0.406993384975E+01
  0.430000000000E+04  0.400197028622E+02  0.348199949780E+02  0.406995846001E+01
  0.431000000000E+04  0.400197043785E+02  0.348200658149E+02  0.406998254412E+01
  0.432000000000E+04  0.400197004756E+02  0.348201349728E+02  0.407000610959E+01
  0.433000000000E+04  0.400196913736E+02  0.348202024802E+02  0.407002916393E+01
  0.434000000000E+04  0.400196772864E+02  0.348202683651E+02  0.407005171465E+01
  0.435000000000E+04  0.400196584223E+02  0.348203326554E+02  0.407007376921E+01
  0.436000000000E+04  0.400196349839E+02  0.348203953790E+02  0.407009533508E+01
  0.437000000000E+04  0.400196071680E+02  0.348204565633E+02  0.407011641969E+01
  0.438000000000E+04  0.400195751663E+02  0.348205162355E+02  0.407013703046E+01
  0.439000000000E+04  0.400195391651E+02  0.348205744226E+02  0.407015717476E+01
  0.440000000000E+04  0.400194993453E+02  0.348206311514E+02  0.407017685995E+01
  0.441000000000E+04  0.400194558828E+02  0.348206864485E+02  0.407019609333E+01
  0.442000000000E+04  0.400194089486E+02  0.348207403401E+02  0.407021488218E+01
  0.443000000000E+04  0.400193587085E+02  0.348207928521E+02  0.407023323374E+01
  0.444000000000E+04  0.400193053238E+02  0.348208440104E+02  0.407025115519E+01
  0.445000000000E+04  0.400192489509E+02  0.348208938403E+02  0.407026865368E+01
  0.446000000000E+04  0.400191897417E+02  0.348209423672E+02  0.407028573630E+01
  0.447000000000E+04  0.400191278435E+02  0.348209896158E+02  0.407030241011E+01
  0.448000000000E+04  0.400190633995E+02  0.348210356108E+02  0.407031868209E+01
  0.449000000000E+04  0.400189965481E+02  0.348210803767E+02  0.407033455920E+01
  0.450000000000E+04  0.400189274239E+02  0.348211239374E+02  0.407035004830E+01
  0.451000000000E+04  0.400188561572E+02  0.348211663168E+02  0.407036515624E+01
  0.452000000000E+04  0.400187828743E+02  0.348212075384E+02  0.407037988979E+01
  0.453000000000E+04  0.400187076976E+02  0.348212476253E+02  0.407039425564E+01
  0.454000000000E+04  0.400186307455E+02  0.348212866005E+02  0.407040826045E+01
  0.455000000000E+04  0.400185521329E+02  0.348213244867E+02  0.407042191081E+01
  0.456000000000E+04  0.400184719709E+02  0.348213613061E+02  0.407043521324E+01
  0.457000000000E+04  0.400183903669E+02  0.348213970807E+02  0.407044817419E+01
  0.458000000000E+04  0.400183074249E+02  0.348214318325E+02  0.407046080005E+01
  0.459000000000E+04  0.400182232456E+02  0.348214655827E+02  0.407047309714E+01
  0.460000000000E+04  0.400181379261E+02  0.348214983525E+02  0.407048507172E+01
  0.461000000000E+04  0.400180515603E+02  0.348215301629E+02  0.407049672997E+01
  0.462000000000E+04  0.400179642392E+02  0.348215610343E+02  0.407050807801E+01
  0.463000000000E+04  0.400178760503E+02  0.348215909870E+02  0.407051912188E+01
  0.464000000000E+04  0.400177870783E+02  0.348216200410E+02  0.407052986756E+01
  0.465000000000E+04  0.400176974048E+02  0.348216482160E+02  0.407054032096E+01
  0.466000000000E+04  0.400176071087E+02  0.348216755314E+02  0.407055048789E+01
  0.467000000000E+04  0.400175162660E+02  0.348217020062E+02  0.407056037413E+01
  0.468000000000E+04  0.400174249499E+02  0.348217276593E+02  0.407056998535E+01
  0.469000000000E+04  0.400173332308E+02  0.348217525092E+02  0.407057932717E+01
  0.470000000000E+04  0.400172411769E+02  0.348217765740E+02  0.407058840513E+01
  0.471000000000E+04  0.400171488535E+02  0.348217998717E+02  0.407059722470E+01
  0.472000000000E+04  0.400170563235E+02  0.348218224200E+02  0.407060579127E+01
  0.473000000000E+04  0.400169636474E+02  0.348218442361E+02  0.407061411016E+01
  0.474000000000E+04  0.400168708835E+02  0.348218653373E+02  0.407062218661E+01
  0.475000000000E+04  0.400167780877E+02  0.348218857402E+02  0.407063002580E+01
  0.476000000000E+04  0.400166853134E+02  0.348219054615E+02  0.407063763282E+01
  0.477000000000E+04  0.400165926124E+02  0.348219245172E+02  0.407064501271E+01
  0.478000000000E+04  0.400165000339E+02  0.348219429234E+02  0.407065217040E+01
  0.479000000000E+04  0.400164076253E+02  0.348219606958E+02  0.407065911078E+01
  0.480000000000E+04  0.400163154318E+02  0.348219778498E+02  0.407066583866E+01
  0.481000000000E+04  0.400162234970E+02  0.348219944005E+02  0.407067235877E+01
  0.482000000000E+04  0.400161318623E+02  0.348220103628E+02  0.407067867576E+01
  0.483000000000E+04  0.400160405673E+02  0.348220257513E+02  0.407068479422E+01
  0.484000000000E+04  0.400159496499E+02  0.348220405803E+02  0.407069071867E+01
  0.485000000000E+04  0.400158591463E+02  0.348220548640E+02  0.407069645355E+01
  0.486000000000E+04  0.400157690909E+02  0.348220686161E+02  0.407070200323E+01
  0.487000000000E+04  0.400156795165E+02  0.348220818503E+02  0.407070737201E+01
  0.488000000000E+04  0.400155904544E+02  0.348220945798E+02  0.407071256413E+01
  0.489000000000E+04  0.400155019343E+02  0.348221068178E+02  0.407071758374E+01
  0.490000000000E+04  0.400154139843E+02  0.348221185771E+02  0.407072243493E+01
  0.491000000000E+04  0.400153266311E+02  0.348221298701E+02  0.407072712173E+01
  0.492000000000E+04  0.400152399002E+02  0.348221407094E+02  0.407073164809E+01
  0.493000000000E+04  0.400151538154E+02  0.348221511069E+02  0.407073601789E+01
  0.494000000000E+04  0.400150683993E+02  0.348221610746E+02  0.407074023495E+01
  0.495000000000E+04  0.400149836734E+02  0.348221706240E+02  0.407074430303E+01
  0.496000000000E+04  0.400148996577E+02  0.348221797666E+02  0.407074822579E+01
  0.497000000000E+04  0.400148163711E+02  0.348221885135E+02  0.407075200687E+01
  0.498000000000E+04  0.400147338312E+02  0.348221968757E+02  0.407075564981E+01
  0.499000000000E+04  0.400146520548E+02  0.348222048638E+02  0.407075915810E+01
  0.500000000000E+04  0.400145710572E+02  0.348222124885E+02  0.407076253517E+01
